B_city = -0.17747327731865106
B_foreign = -0.5265394637979598
B_green = 0.3943385784698273
B_noise = -0.42668735403899277
B_stores = -0.041437187472467524
B_transport = -0.0859654151819022
