B_city = -0.16737633815500255
B_foreign = -1.195431394390678
B_green = 0.4158924051817941
B_noise = -0.43746650770040035
B_stores = -0.03443237802883743
B_transport = -0.07396076409153249
