B_city = -0.167377471382232
B_foreign = -1.1960226374851364
B_green = 0.41589443719979646
B_noise = -0.4374676729044546
B_stores = -0.034432520446295856
B_transport = -0.07396196746736038
