B_city = -0.1680957711737657
B_foreign = -1.17429370306868
B_green = 0.4160318339965028
B_noise = -0.43800881609371495
B_stores = -0.03461166267795987
B_transport = -0.07398095277130579
