B_city = -0.17747327731865103
B_foreign = -0.5265394637979631
B_green = 0.3943385784698272
B_noise = -0.42668735403899305
B_stores = -0.041437187472467545
B_transport = -0.08596541518190219
